6 0.308501 0.870660 0.074219 0.119792
6 0.318266 0.752604 0.067708 0.098958
6 0.322173 0.658854 0.054688 0.081597
6 0.326730 0.574653 0.058594 0.076389
6 0.329985 0.502604 0.059896 0.074653
6 0.341053 0.427083 0.048177 0.076389
6 0.345610 0.361111 0.052083 0.072917
6 0.352121 0.310764 0.052083 0.062500
1 0.720610 0.842014 0.057292 0.097222
1 0.703032 0.736111 0.066406 0.086806
1 0.682850 0.626736 0.062500 0.090278
1 0.668527 0.550347 0.049479 0.083333
1 0.658110 0.473090 0.044271 0.071181
1 0.647693 0.413194 0.041667 0.072917
1 0.648344 0.342014 0.063802 0.086806
1 0.628813 0.299479 0.045573 0.085069
3 0.813709 0.841146 0.071615 0.098958
3 0.686756 0.287326 0.046875 0.088542
4 0.704985 0.329861 0.049479 0.107639
4 0.792225 0.720486 0.083333 0.111111
5 0.764881 0.619792 0.065104 0.104167
5 0.712147 0.393229 0.053385 0.112847
0 0.721912 0.459201 0.049479 0.116319
2 0.740141 0.547743 0.062500 0.109375
7 0.296782 0.304688 0.045573 0.067708
8 0.290272 0.364583 0.058594 0.086806
9 0.280506 0.394097 0.049479 0.104167
11 0.273996 0.486111 0.059896 0.107639
10 0.272042 0.565972 0.063802 0.107639
9 0.231027 0.661458 0.072917 0.100694
8 0.254464 0.766493 0.059896 0.102431
7 0.237537 0.882813 0.062500 0.088542